     5    1    0   -1   19  0.1000000000E+03  0.0000000000E+00
     5    2    0    1   19  0.4100000000E+00  0.0000000000E+00
     5    3    0    1   19  0.3600000000E+00  0.0000000000E+00
     5    4    0    1   19  0.2500000000E+00  0.0000000000E+00
     5    5    0    1   19  0.2450000000E+00  0.0000000000E+00
     5    6    0    1   19  0.3600000000E+00  0.0000000000E+00
     5    7    0    1   19  0.4700000000E+00  0.0000000000E+00
     5    8    0    1   15  0.1000000000E+01  0.0000000000E+00
     5    9    0    1   12  0.1000000000E+01  0.0000000000E+00
     5   10    0    1   18  0.5000000000E+00  0.0000000000E+00
     5   11    0    1    8  0.1000000000E+01  0.0000000000E+00
     5   12    0    1    8  0.1500000000E+01  0.0000000000E+00
     5   13    0    1    7  0.4640000000E+00  0.0000000000E+00
     5   14    0    1    7  0.3900000000E+00  0.0000000000E+00
     5   15    0    1    7  0.3200000000E+00  0.0000000000E+00
     5   16    0   -1    7  0.1000000000E+03  0.0000000000E+00
     5   17    0   -1    7  0.1000000000E+03  0.0000000000E+00
     5   18    0   -1    6  0.1000000000E+03  0.0000000000E+00
     5   19    0   -1    4  0.1000000000E+03  0.0000000000E+00
   205    1    1    1    0  0.2500000000E+01  0.0000000000E+00
   205    2    1    1    0  0.3050000000E+00  0.1000000000E+01
   205    3    1    1    0  0.2400000000E+00  0.0000000000E+00
   205    4    1    1    0  0.2900000000E+00  0.1000000000E+01
     6    1    0   -1   19  0.1000000000E+03  0.0000000000E+00
     6    2    0    1   19  0.4100000000E+00  0.0000000000E+00
     6    3    0    1   19  0.3600000000E+00  0.0000000000E+00
     6    4    0    1   19  0.2500000000E+00  0.0000000000E+00
     6    5    0    1   19  0.2450000000E+00  0.0000000000E+00
     6    6    0    1   19  0.3600000000E+00  0.0000000000E+00
     6    7    0    1   19  0.4700000000E+00  0.0000000000E+00
     6    8    0    1   15  0.1000000000E+01  0.0000000000E+00
     6    9    0    1   12  0.1000000000E+01  0.0000000000E+00
     6   10    0    1   18  0.5000000000E+00  0.0000000000E+00
     6   11    0    1    8  0.1000000000E+01  0.0000000000E+00
     6   12    0    1    8  0.1500000000E+01  0.0000000000E+00
     6   13    0    1    7  0.4640000000E+00  0.0000000000E+00
     6   14    0    1    7  0.3900000000E+00  0.0000000000E+00
     6   15    0    1    7  0.3200000000E+00  0.0000000000E+00
     6   16    0   -1    7  0.1000000000E+03  0.0000000000E+00
     6   17    0   -1    7  0.1000000000E+03  0.0000000000E+00
     6   18    0   -1    6  0.1000000000E+03  0.0000000000E+00
     6   19    0   -1    4  0.1000000000E+03  0.0000000000E+00
   206    1    1    1    0  0.2500000000E+01  0.0000000000E+00
   206    2    1    1    0  0.3050000000E+00  0.1000000000E+01
   206    3    1    1    0  0.2400000000E+00  0.0000000000E+00
   206    4    1    1    0  0.2900000000E+00  0.1000000000E+01
     7    1    0   -1   19  0.1000000000E+03  0.0000000000E+00
     7    2    0    1   19  0.4100000000E+00  0.0000000000E+00
     7    3    0    1   19  0.3600000000E+00  0.0000000000E+00
     7    4    0    1   19  0.2500000000E+00  0.0000000000E+00
     7    5    0    1   19  0.2450000000E+00  0.0000000000E+00
     7    6    0    1   19  0.3600000000E+00  0.0000000000E+00
     7    7    0    1   19  0.4700000000E+00  0.0000000000E+00
     7    8    0    1   15  0.1000000000E+01  0.0000000000E+00
     7    9    0    1   12  0.1000000000E+01  0.0000000000E+00
     7   10    0    1   18  0.5000000000E+00  0.0000000000E+00
     7   11    0    1    8  0.1000000000E+01  0.0000000000E+00
     7   12    0    1    8  0.1500000000E+01  0.0000000000E+00
     7   13    0    1    7  0.4640000000E+00  0.0000000000E+00
     7   14    0    1    7  0.3900000000E+00  0.0000000000E+00
     7   15    0    1    7  0.3200000000E+00  0.0000000000E+00
     7   16    0   -1    7  0.1000000000E+03  0.0000000000E+00
     7   17    0   -1    7  0.1000000000E+03  0.0000000000E+00
     7   18    0   -1    6  0.1000000000E+03  0.0000000000E+00
     7   19    0   -1    4  0.1000000000E+03  0.0000000000E+00
   207    1    1    1    0  0.2500000000E+01  0.0000000000E+00
   207    2    1    1    0  0.3050000000E+00  0.1000000000E+01
   207    3    1    1    0  0.2400000000E+00  0.0000000000E+00
   207    4    1    1    0  0.2900000000E+00  0.1000000000E+01
     8    1    0   -1   19  0.1000000000E+03  0.0000000000E+00
     8    2    0    1   19  0.4100000000E+00  0.0000000000E+00
     8    3    0    1   19  0.3600000000E+00  0.0000000000E+00
     8    4    0    1   19  0.2500000000E+00  0.0000000000E+00
     8    5    0    1   19  0.2450000000E+00  0.0000000000E+00
     8    6    0    1   19  0.3600000000E+00  0.0000000000E+00
     8    7    0    1   19  0.4700000000E+00  0.0000000000E+00
     8    8    0    1   15  0.1000000000E+01  0.0000000000E+00
     8    9    0    1   12  0.1000000000E+01  0.0000000000E+00
     8   10    0    1   18  0.5000000000E+00  0.0000000000E+00
     8   11    0    1    8  0.1000000000E+01  0.0000000000E+00
     8   12    0    1    8  0.1500000000E+01  0.0000000000E+00
     8   13    0    1    7  0.4640000000E+00  0.0000000000E+00
     8   14    0    1    7  0.3900000000E+00  0.0000000000E+00
     8   15    0    1    7  0.3200000000E+00  0.0000000000E+00
     8   16    0   -1    7  0.1000000000E+03  0.0000000000E+00
     8   17    0   -1    7  0.1000000000E+03  0.0000000000E+00
     8   18    0   -1    6  0.1000000000E+03  0.0000000000E+00
     8   19    0   -1    4  0.1000000000E+03  0.0000000000E+00
   208    1    1    1    0  0.2500000000E+01  0.0000000000E+00
   208    2    1    1    0  0.3050000000E+00  0.1000000000E+01
   208    3    1    1    0  0.2400000000E+00  0.0000000000E+00
   208    4    1    1    0  0.2900000000E+00  0.1000000000E+01
     9    1    0   -1   19  0.1000000000E+03  0.0000000000E+00
     9    2    0    1   19  0.4100000000E+00  0.0000000000E+00
     9    3    0    1   19  0.3600000000E+00  0.0000000000E+00
     9    4    0    1   19  0.2500000000E+00  0.0000000000E+00
     9    5    0    1   19  0.2450000000E+00  0.0000000000E+00
     9    6    0    1   19  0.3600000000E+00  0.0000000000E+00
     9    7    0    1   19  0.4700000000E+00  0.0000000000E+00
     9    8    0    1   15  0.1000000000E+01  0.0000000000E+00
     9    9    0    1   12  0.1000000000E+01  0.0000000000E+00
     9   10    0    1   18  0.5000000000E+00  0.0000000000E+00
     9   11    0    1    8  0.1000000000E+01  0.0000000000E+00
     9   12    0    1    8  0.1500000000E+01  0.0000000000E+00
     9   13    0    1    7  0.4640000000E+00  0.0000000000E+00
     9   14    0    1    7  0.3900000000E+00  0.0000000000E+00
     9   15    0    1    7  0.3200000000E+00  0.0000000000E+00
     9   16    0   -1    7  0.1000000000E+03  0.0000000000E+00
     9   17    0   -1    7  0.1000000000E+03  0.0000000000E+00
     9   18    0   -1    6  0.1000000000E+03  0.0000000000E+00
     9   19    0   -1    4  0.1000000000E+03  0.0000000000E+00
   209    1    1    1    0  0.2500000000E+01  0.0000000000E+00
   209    2    1    1    0  0.3050000000E+00  0.1000000000E+01
   209    3    1    1    0  0.2400000000E+00  0.0000000000E+00
   209    4    1    1    0  0.2900000000E+00  0.1000000000E+01
    10    1    0   -1   19  0.1000000000E+03  0.0000000000E+00
    10    2    0    1   19  0.4100000000E+00  0.0000000000E+00
    10    3    0    1   19  0.3600000000E+00  0.0000000000E+00
    10    4    0    1   19  0.2500000000E+00  0.0000000000E+00
    10    5    0    1   19  0.2450000000E+00  0.0000000000E+00
    10    6    0    1   19  0.3600000000E+00  0.0000000000E+00
    10    7    0    1   19  0.4700000000E+00  0.0000000000E+00
    10    8    0    1   15  0.1000000000E+01  0.0000000000E+00
    10    9    0    1   12  0.1000000000E+01  0.0000000000E+00
    10   10    0    1   18  0.5000000000E+00  0.0000000000E+00
    10   11    0    1    8  0.1000000000E+01  0.0000000000E+00
    10   12    0    1    8  0.1500000000E+01  0.0000000000E+00
    10   13    0    1    7  0.4640000000E+00  0.0000000000E+00
    10   14    0    1    7  0.3900000000E+00  0.0000000000E+00
    10   15    0    1    7  0.3200000000E+00  0.0000000000E+00
    10   16    0   -1    7  0.1000000000E+03  0.0000000000E+00
    10   17    0   -1    7  0.1000000000E+03  0.0000000000E+00
    10   18    0   -1    6  0.1000000000E+03  0.0000000000E+00
    10   19    0   -1    4  0.1000000000E+03  0.0000000000E+00
   210    1    1    1    0  0.2500000000E+01  0.0000000000E+00
   210    2    1    1    0  0.3050000000E+00  0.1000000000E+01
   210    3    1    1    0  0.2400000000E+00  0.0000000000E+00
   210    4    1    1    0  0.2900000000E+00  0.1000000000E+01
    11    1    0   -1   19  0.1000000000E+03  0.0000000000E+00
    11    2    0    1   19  0.4100000000E+00  0.0000000000E+00
    11    3    0    1   19  0.3600000000E+00  0.0000000000E+00
    11    4    0    1   19  0.2500000000E+00  0.0000000000E+00
    11    5    0    1   19  0.2450000000E+00  0.0000000000E+00
    11    6    0    1   19  0.3600000000E+00  0.0000000000E+00
    11    7    0    1   19  0.4700000000E+00  0.0000000000E+00
    11    8    0    1   15  0.1000000000E+01  0.0000000000E+00
    11    9    0    1   12  0.1000000000E+01  0.0000000000E+00
    11   10    0    1   18  0.5000000000E+00  0.0000000000E+00
    11   11    0    1    8  0.1000000000E+01  0.0000000000E+00
    11   12    0    1    8  0.1500000000E+01  0.0000000000E+00
    11   13    0    1    7  0.4640000000E+00  0.0000000000E+00
    11   14    0    1    7  0.3900000000E+00  0.0000000000E+00
    11   15    0    1    7  0.3200000000E+00  0.0000000000E+00
    11   16    0   -1    7  0.1000000000E+03  0.0000000000E+00
    11   17    0   -1    7  0.1000000000E+03  0.0000000000E+00
    11   18    0   -1    6  0.1000000000E+03  0.0000000000E+00
    11   19    0   -1    4  0.1000000000E+03  0.0000000000E+00
   211    1    1    1    0  0.2500000000E+01  0.0000000000E+00
   211    2    1    1    0  0.3050000000E+00  0.1000000000E+01
   211    3    1    1    0  0.2400000000E+00  0.0000000000E+00
   211    4    1    1    0  0.2900000000E+00  0.1000000000E+01
    12    1    0   -1   19  0.1000000000E+03  0.0000000000E+00
    12    2    0    1   19  0.4100000000E+00  0.0000000000E+00
    12    3    0    1   19  0.3600000000E+00  0.0000000000E+00
    12    4    0    1   19  0.2500000000E+00  0.0000000000E+00
    12    5    0    1   19  0.2450000000E+00  0.0000000000E+00
    12    6    0    1   19  0.3600000000E+00  0.0000000000E+00
    12    7    0    1   19  0.4700000000E+00  0.0000000000E+00
    12    8    0    1   15  0.1000000000E+01  0.0000000000E+00
    12    9    0    1   12  0.1000000000E+01  0.0000000000E+00
    12   10    0    1   18  0.5000000000E+00  0.0000000000E+00
    12   11    0    1    8  0.1000000000E+01  0.0000000000E+00
    12   12    0    1    8  0.1500000000E+01  0.0000000000E+00
    12   13    0    1    7  0.4640000000E+00  0.0000000000E+00
    12   14    0    1    7  0.3900000000E+00  0.0000000000E+00
    12   15    0    1    7  0.3200000000E+00  0.0000000000E+00
    12   16    0   -1    7  0.1000000000E+03  0.0000000000E+00
    12   17    0   -1    7  0.1000000000E+03  0.0000000000E+00
    12   18    0   -1    6  0.1000000000E+03  0.0000000000E+00
    12   19    0   -1    4  0.1000000000E+03  0.0000000000E+00
   212    1    1    1    0  0.2500000000E+01  0.0000000000E+00
   212    2    1    1    0  0.3050000000E+00  0.1000000000E+01
   212    3    1    1    0  0.2400000000E+00  0.0000000000E+00
   212    4    1    1    0  0.2900000000E+00  0.1000000000E+01
    14    1    0   -1   19  0.1000000000E+03  0.0000000000E+00
    14    2    0    1   19  0.4100000000E+00  0.0000000000E+00
    14    3    0    1   19  0.3600000000E+00  0.0000000000E+00
    14    4    0    1   19  0.2500000000E+00  0.0000000000E+00
    14    5    0    1   19  0.2450000000E+00  0.0000000000E+00
    14    6    0    1   19  0.3600000000E+00  0.0000000000E+00
    14    7    0    1   19  0.4700000000E+00  0.0000000000E+00
    14    8    0    1   15  0.1000000000E+01  0.0000000000E+00
    14    9    0    1   12  0.1000000000E+01  0.0000000000E+00
    14   10    0    1   18  0.5000000000E+00  0.0000000000E+00
    14   11    0    1    8  0.1000000000E+01  0.0000000000E+00
    14   12    0    1    8  0.1500000000E+01  0.0000000000E+00
    14   13    0    1    7  0.4640000000E+00  0.0000000000E+00
    14   14    0    1    7  0.3900000000E+00  0.0000000000E+00
    14   15    0    1    7  0.3200000000E+00  0.0000000000E+00
    14   16    0   -1    7  0.1000000000E+03  0.0000000000E+00
    14   17    0   -1    7  0.1000000000E+03  0.0000000000E+00
    14   18    0   -1    6  0.1000000000E+03  0.0000000000E+00
    14   19    0   -1    4  0.1000000000E+03  0.0000000000E+00
   214    1    1    1    0  0.2500000000E+01  0.0000000000E+00
   214    2    1    1    0  0.3050000000E+00  0.1000000000E+01
   214    3    1    1    0  0.2400000000E+00  0.0000000000E+00
   214    4    1    1    0  0.2900000000E+00  0.1000000000E+01
    15    1    0   -1   19  0.1000000000E+03  0.0000000000E+00
    15    2    0   -1   19  0.4100000000E+00  0.0000000000E+00
    15    3    0   -1   19  0.3600000000E+00  0.0000000000E+00
    15    4    0   -1   19  0.2500000000E+00  0.0000000000E+00
    15    5    0   -1   19  0.2450000000E+00  0.0000000000E+00
    15    6    0   -1   19  0.3600000000E+00  0.0000000000E+00
    15    7    0   -1   19  0.4700000000E+00  0.0000000000E+00
    15    8    0   -1   15  0.1000000000E+01  0.0000000000E+00
    15    9    0   -1   12  0.1000000000E+01  0.0000000000E+00
    15   10    0   -1   18  0.5000000000E+00  0.0000000000E+00
    15   11    0   -1    8  0.1000000000E+01  0.0000000000E+00
    15   12    0   -1    8  0.1500000000E+01  0.0000000000E+00
    15   13    0   -1    7  0.4640000000E+00  0.0000000000E+00
    15   14    0   -1    7  0.3900000000E+00  0.0000000000E+00
    15   15    0   -1    7  0.3200000000E+00  0.0000000000E+00
    15   16    0   -1    7  0.1000000000E+03  0.0000000000E+00
    15   17    0   -1    7  0.1000000000E+03  0.0000000000E+00
    15   18    0   -1    6  0.1000000000E+03  0.0000000000E+00
    15   19    0   -1    4  0.1000000000E+03  0.0000000000E+00
   315    1    1    1    0  0.9000000000E+01  0.0000000000E+00
   315    2    1    1    0  0.9000000000E+01  0.0000000000E+00
   315    3    1    1    0  0.9000000000E+01  0.0000000000E+00
   315    4    1    1    0  0.6000000000E+00  0.0000000000E+00
   315    5    1    1    0  0.3000000000E+00  0.1000000000E+01
   315    6    1    1    0  0.2000000000E+00  0.1000000000E+01
   315    7    1    1    0  0.2500000000E+00  0.0000000000E+00
   315    8    1    1    0  0.2750000000E+00  0.1000000000E+01
   315    9    1    1    0  0.3000000000E+00  0.1000000000E+01
   315   10    1    1    0  0.4000000000E+00  0.1000000000E+01
   315   11    1    1    0  0.1000000000E+01  0.1000000000E+01
   315   12    1    1    0  0.2000000000E+01  0.1000000000E+01
   315   13    1    1    0  0.2000000000E+01  0.1000000000E+01
   315   14    1   -1    0  0.1000000000E+03  0.1000000000E+01
   315   15    1    1    0  0.9000000000E+01  0.0000000000E+00
   415    1    1    1    0  0.9000000000E+01  0.0000000000E+00
   415    2    1    1    0  0.4000000000E+01  0.0000000000E+00
   415    3    1    1    0  0.3500000000E+01  0.0000000000E+00
   415    4    1    1    0  0.3000000000E+01  0.0000000000E+00
   415    5    1    1    0  0.2800000000E+01  0.0000000000E+00
    16    1    0   -1   19  0.1000000000E+03  0.0000000000E+00
    16    2    0    1   19  0.4100000000E+00  0.0000000000E+00
    16    3    0    1   19  0.3600000000E+00  0.0000000000E+00
    16    4    0    1   19  0.2500000000E+00  0.0000000000E+00
    16    5    0    1   19  0.2450000000E+00  0.0000000000E+00
    16    6    0    1   19  0.3600000000E+00  0.0000000000E+00
    16    7    0    1   19  0.4700000000E+00  0.0000000000E+00
    16    8    0    1   15  0.1000000000E+01  0.0000000000E+00
    16    9    0    1   12  0.1000000000E+01  0.0000000000E+00
    16   10    0    1   18  0.5000000000E+00  0.0000000000E+00
    16   11    0    1    8  0.1000000000E+01  0.0000000000E+00
    16   12    0    1    8  0.1500000000E+01  0.0000000000E+00
    16   13    0    1    7  0.4640000000E+00  0.0000000000E+00
    16   14    0    1    7  0.3900000000E+00  0.0000000000E+00
    16   15    0    1    7  0.3200000000E+00  0.0000000000E+00
    16   16    0   -1    7  0.1000000000E+03  0.0000000000E+00
    16   17    0   -1    7  0.1000000000E+03  0.0000000000E+00
    16   18    0   -1    6  0.1000000000E+03  0.0000000000E+00
    16   19    0   -1    4  0.1000000000E+03  0.0000000000E+00
   316    1    1    1    0  0.9000000000E+01  0.0000000000E+00
   316    2    1    1    0  0.9000000000E+01  0.0000000000E+00
   316    3    1    1    0  0.9000000000E+01  0.0000000000E+00
   316    4    1    1    0  0.6000000000E+00  0.0000000000E+00
   316    5    1    1    0  0.3000000000E+00  0.1000000000E+01
   316    6    1    1    0  0.2000000000E+00  0.1000000000E+01
   316    7    1    1    0  0.2500000000E+00  0.0000000000E+00
   316    8    1    1    0  0.2750000000E+00  0.1000000000E+01
   316    9    1    1    0  0.3000000000E+00  0.1000000000E+01
   316   10    1    1    0  0.4000000000E+00  0.1000000000E+01
   316   11    1    1    0  0.1000000000E+01  0.1000000000E+01
   316   12    1    1    0  0.2000000000E+01  0.1000000000E+01
   316   13    1    1    0  0.2000000000E+01  0.1000000000E+01
   316   14    1   -1    0  0.1000000000E+03  0.1000000000E+01
   316   15    1    1    0  0.9000000000E+01  0.0000000000E+00
   416    1    1    1    0  0.9000000000E+01  0.0000000000E+00
   416    2    1    1    0  0.4000000000E+01  0.0000000000E+00
   416    3    1    1    0  0.3500000000E+01  0.0000000000E+00
   416    4    1    1    0  0.3000000000E+01  0.0000000000E+00
   416    5    1    1    0  0.2800000000E+01  0.0000000000E+00
    58    1    0    1   19  0.4500000000E+01  0.0000000000E+00
    58    2    0    1   19  0.4100000000E+00  0.0000000000E+00
    58    3    0    1   19  0.3600000000E+00  0.0000000000E+00
    58    4    0    1   19  0.2500000000E+00  0.0000000000E+00
    58    5    0    1   19  0.2450000000E+00  0.0000000000E+00
    58    6    0    1   18  0.3600000000E+00  0.0000000000E+00
    58    7    0    1   17  0.4700000000E+00  0.0000000000E+00
    58    8    0    1   15  0.1000000000E+01  0.0000000000E+00
    58    9    0    1   12  0.1500000000E+01  0.0000000000E+00
    58   10    0    1    8  0.5000000000E+00  0.0000000000E+00
    58   11    0    1    8  0.1000000000E+01  0.0000000000E+00
    58   12    0    1    8  0.1500000000E+01  0.0000000000E+00
    58   13    0   -1    7  0.4640000000E+00  0.0000000000E+00
    58   14    0   -1    7  0.3900000000E+00  0.0000000000E+00
    58   15    0   -1    7  0.3200000000E+00  0.0000000000E+00
    58   16    0   -1    7  0.4350000000E+00  0.0000000000E+00
    58   17    0   -1    6  0.1000000000E+03  0.0000000000E+00
    58   18    0   -1    3  0.1000000000E+03  0.0000000000E+00
    60    1    0    1   19  0.4500000000E+01  0.0000000000E+00
    60    2    0    1   19  0.4100000000E+00  0.0000000000E+00
    60    3    0    1   19  0.3600000000E+00  0.0000000000E+00
    60    4    0    1   19  0.2500000000E+00  0.0000000000E+00
    60    5    0    1   19  0.2450000000E+00  0.0000000000E+00
    60    6    0    1   18  0.3600000000E+00  0.0000000000E+00
    60    7    0    1   17  0.4700000000E+00  0.0000000000E+00
    60    8    0    1   15  0.1000000000E+01  0.0000000000E+00
    60    9    0    1   12  0.1500000000E+01  0.0000000000E+00
    60   10    0    1    8  0.5000000000E+00  0.0000000000E+00
    60   11    0    1    8  0.1000000000E+01  0.0000000000E+00
    60   12    0    1    8  0.1500000000E+01  0.0000000000E+00
    60   13    0    1    7  0.4640000000E+00  0.0000000000E+00
    60   14    0    1    7  0.3900000000E+00  0.0000000000E+00
    60   15    0    1    7  0.3200000000E+00  0.0000000000E+00
    60   16    0   -1    7  0.4350000000E+00  0.0000000000E+00
    60   17    0   -1    6  0.1000000000E+03  0.0000000000E+00
    60   18    0   -1    3  0.1000000000E+03  0.0000000000E+00
